
    STEP   DAMPING               NORMS              COMPUTATION TIMES
  IT SIT     GAMMA     ||d||     ||f||     ||U||   F(x)  DF(x)  SOLVE
   0                          2.37e+01  8.32e+05    0.0    0.0    0.0
   1   1  1.00e+00  8.66e-03  1.08e+00  8.32e+05    0.0    0.1    0.0
   2   1  1.00e+00  2.25e-03  8.31e-02  8.32e+05    0.0    0.1    0.0
   3   1  1.00e+00  2.05e-04  6.53e-04  8.32e+05    0.0    0.2    0.0
   4   1  1.00e+00  1.63e-06  4.14e-08  8.32e+05    0.0    0.2    0.0
   5   1  1.00e+00  1.04e-10  8.19e-14  8.32e+05    0.1    0.3    0.0

 STEP      TIME        ||U||  LABEL  TYPE          vCar
    0  00:00:00   8.3174e+05      1  EP      2.7000e+02
   10  00:00:02   8.3174e+05      2          2.6481e+02
   20  00:00:04   8.3174e+05      3          2.5786e+02
   30  00:00:06   8.3174e+05      4          2.5450e+02
   40  00:00:08   8.3174e+05      5          2.5256e+02
   50  00:00:09   8.3174e+05      6          2.5135e+02
   60  00:00:11   8.3174e+05      7          2.5047e+02
   70  00:00:13   8.3174e+05      8          2.4981e+02
   80  00:00:15   8.3174e+05      9          2.4928e+02
   90  00:00:16   8.3174e+05     10          2.4886e+02
  100  00:00:18   8.3174e+05     11          2.4851e+02
  110  00:00:20   8.3174e+05     12          2.4821e+02
  120  00:00:22   8.3174e+05     13          2.4796e+02
  130  00:00:24   8.3174e+05     14          2.4774e+02
  140  00:00:26   8.3174e+05     15          2.4754e+02
  150  00:00:28   8.3174e+05     16          2.4737e+02
  160  00:00:29   8.3174e+05     17          2.4722e+02
  170  00:00:31   8.3174e+05     18          2.4709e+02
  180  00:00:33   8.3174e+05     19          2.4696e+02
  190  00:00:35   8.3174e+05     20          2.4685e+02
  200  00:00:37   8.3174e+05     21          2.4675e+02
  210  00:00:39   8.3174e+05     22          2.4666e+02
  220  00:00:41   8.3174e+05     23          2.4657e+02
  230  00:00:43   8.3174e+05     24          2.4649e+02
  240  00:00:44   8.3174e+05     25          2.4642e+02
  250  00:00:47   8.3174e+05     26          2.4636e+02
  260  00:00:49   8.3174e+05     27          2.4629e+02
  270  00:00:50   8.3174e+05     28          2.4623e+02
  280  00:00:52   8.3174e+05     29          2.4618e+02
  290  00:00:54   8.3174e+05     30          2.4613e+02
  300  00:00:56   8.3174e+05     31          2.4608e+02
  310  00:00:58   8.3174e+05     32          2.4603e+02
  320  00:01:00   8.3174e+05     33          2.4599e+02
  330  00:01:01   8.3174e+05     34          2.4595e+02
  340  00:01:03   8.3174e+05     35          2.4591e+02
  350  00:01:05   8.3174e+05     36          2.4588e+02
  360  00:01:07   8.3174e+05     37          2.4584e+02
  370  00:01:09   8.3174e+05     38          2.4581e+02
  380  00:01:11   8.3174e+05     39          2.4578e+02
  390  00:01:14   8.3174e+05     40          2.4575e+02
  400  00:01:16   8.3174e+05     41          2.4572e+02
  410  00:01:18   8.3174e+05     42          2.4569e+02
  420  00:01:20   8.3174e+05     43          2.4567e+02
  430  00:01:22   8.3174e+05     44          2.4564e+02
  440  00:01:25   8.3174e+05     45          2.4562e+02
  450  00:01:27   8.3174e+05     46          2.4560e+02
  460  00:01:29   8.3174e+05     47          2.4558e+02
  470  00:01:31   8.3174e+05     48          2.4556e+02
  480  00:01:33   8.3174e+05     49          2.4554e+02
  490  00:01:35   8.3174e+05     50          2.4552e+02
  500  00:01:37   8.3174e+05     51  EP      2.4550e+02

 STEP      TIME        ||U||  LABEL  TYPE          vCar
    0  00:01:37   8.3174e+05     52  EP      2.7000e+02
   10  00:01:39   8.3174e+05     53          2.7519e+02
   20  00:01:41   8.3174e+05     54          2.8226e+02
   30  00:01:43   8.3174e+05     55          2.8933e+02
   40  00:01:45   8.3174e+05     56          2.9640e+02
   50  00:01:46   8.3174e+05     57          3.0347e+02
   60  00:01:48   8.3174e+05     58          3.1054e+02
   70  00:01:49   8.3174e+05     59          3.1761e+02
   80  00:01:51   8.3174e+05     60          3.2469e+02
   90  00:01:52   8.3174e+05     61          3.3176e+02
  100  00:01:53   8.3174e+05     62          3.3883e+02
  110  00:01:55   8.3174e+05     63          3.4590e+02
  116  00:01:56   8.3174e+05     64  EP      3.5000e+02
