
    STEP   DAMPING               NORMS              COMPUTATION TIMES
  IT SIT     GAMMA     ||d||     ||f||     ||U||   F(x)  DF(x)  SOLVE
   0                          1.43e-01  1.48e+00    0.0    0.0    0.0
   1   1  1.13e-01  1.57e+00  1.27e-01  1.49e+00    0.0    0.0    0.0
   2   1  1.31e-01  1.39e+00  1.11e-01  1.52e+00    0.0    0.0    0.0
   3   1  1.56e-01  1.21e+00  9.33e-02  1.58e+00    0.0    0.1    0.0
   4   1  1.97e-01  1.02e+00  7.49e-02  1.66e+00    0.0    0.1    0.0
   5   1  2.62e-01  8.20e-01  5.53e-02  1.77e+00    0.0    0.1    0.0
   6   1  3.85e-01  6.04e-01  3.40e-02  1.90e+00    0.0    0.1    0.0
   7   1  6.80e-01  3.72e-01  1.09e-02  2.07e+00    0.0    0.1    0.0
   8   1  1.00e+00  1.18e-01  3.11e-06  2.16e+00    0.0    0.1    0.0
   9   1  1.00e+00  4.40e-05  2.39e-13  2.16e+00    0.0    0.1    0.0
  10   1  1.00e+00  4.25e-12  5.19e-16  2.16e+00    0.0    0.1    0.0

 STEP      TIME        ||U||  LABEL  TYPE         Gamma
    0  00:00:00   2.1563e+00      1  EP      1.0000e-01
    1  00:00:00   2.1563e+00      2  UZ      1.0000e-01
    4  00:00:01   1.6707e+00      3  UZ      5.0000e-02
    5  00:00:01   1.4815e+00      4  EP      1.0001e-02

 STEP      TIME        ||U||  LABEL  TYPE         Gamma
    0  00:00:01   2.1563e+00      5  EP      1.0000e-01
    4  00:00:01   2.7806e+00      6  UZ      1.5000e-01
    5  00:00:01   3.4663e+00      7  UZ      2.0000e-01
    5  00:00:01   4.1795e+00      8  EP      2.5000e-01
