
    STEP   DAMPING               NORMS              COMPUTATION TIMES
  IT SIT     GAMMA     ||d||     ||f||     ||U||   F(x)  DF(x)  SOLVE
   0                          7.68e+00  2.88e+05    0.0    0.0    0.0
   1   2  5.00e-01  8.19e-02  3.68e+00  2.88e+05    0.0    0.0    0.0
   2   1  1.00e+00  1.20e-03  2.04e-01  2.88e+05    0.0    0.0    0.0
   3   1  1.00e+00  7.53e-05  1.03e-03  2.88e+05    0.0    0.0    0.0
   4   1  1.00e+00  3.83e-07  2.69e-08  2.88e+05    0.0    0.0    0.0

 STEP      TIME        ||U||  LABEL  TYPE       scaling
    0  00:00:00   2.8795e+05      1  EP      9.5679e+02
   10  00:00:00   2.8795e+05      2          9.4469e+02
   20  00:00:00   2.8795e+05      3          9.2347e+02
   30  00:00:00   2.8795e+05      4          9.0226e+02
   40  00:00:01   2.8795e+05      5          8.8105e+02
   50  00:00:01   2.8795e+05      6          8.5983e+02
   60  00:00:01   2.8795e+05      7          8.3862e+02
   70  00:00:01   2.8795e+05      8          8.1741e+02
   80  00:00:01   2.8795e+05      9          7.9619e+02
   90  00:00:01   2.8795e+05     10          7.7498e+02
  100  00:00:01   2.8795e+05     11          7.5377e+02
  110  00:00:01   2.8795e+05     12          7.3256e+02
  120  00:00:02   2.8795e+05     13          7.1134e+02
  130  00:00:02   2.8795e+05     14          6.9013e+02
  140  00:00:02   2.8795e+05     15          6.6892e+02
  150  00:00:02   2.8795e+05     16          6.4770e+02
  160  00:00:02   2.8795e+05     17          6.2649e+02
  170  00:00:02   2.8795e+05     18          6.0528e+02
  180  00:00:02   2.8795e+05     19          5.8406e+02
  190  00:00:02   2.8794e+05     20          5.6285e+02
  200  00:00:03   2.8794e+05     21          5.4164e+02
  210  00:00:03   2.8794e+05     22          5.2042e+02
  220  00:00:03   2.8794e+05     23          4.9921e+02
  230  00:00:03   2.8794e+05     24          4.7800e+02
  240  00:00:03   2.8794e+05     25          4.5678e+02
  250  00:00:03   2.8794e+05     26          4.3557e+02
  260  00:00:04   2.8794e+05     27          4.1436e+02
  267  00:00:04   2.8794e+05     28  EP      4.0000e+02

 STEP      TIME        ||U||  LABEL  TYPE       scaling
    0  00:00:04   2.8795e+05     29  EP      9.5679e+02
   10  00:00:04   2.8795e+05     30          9.6889e+02
   20  00:00:04   2.8795e+05     31          9.9011e+02
   30  00:00:04   2.8795e+05     32          1.0113e+03
   40  00:00:04   2.8795e+05     33          1.0325e+03
   50  00:00:05   2.8795e+05     34          1.0537e+03
   60  00:00:05   2.8795e+05     35          1.0750e+03
   70  00:00:05   2.8795e+05     36          1.0962e+03
   80  00:00:05   2.8795e+05     37          1.1174e+03
   90  00:00:05   2.8795e+05     38          1.1386e+03
  100  00:00:05   2.8795e+05     39          1.1598e+03
  110  00:00:06   2.8795e+05     40          1.1810e+03
  120  00:00:06   2.8795e+05     41          1.2022e+03
  121  00:00:06   2.8795e+05     42  HB      1.2044e+03
  130  00:00:06   2.8795e+05     43          1.2235e+03
  140  00:00:06   2.8795e+05     44          1.2447e+03
  150  00:00:06   2.8795e+05     45          1.2659e+03
  160  00:00:07   2.8795e+05     46          1.2871e+03
  170  00:00:07   2.8795e+05     47          1.3083e+03
  180  00:00:07   2.8795e+05     48          1.3295e+03
  190  00:00:07   2.8795e+05     49          1.3507e+03
  200  00:00:07   2.8795e+05     50          1.3719e+03
  210  00:00:07   2.8795e+05     51          1.3932e+03
  220  00:00:08   2.8795e+05     52          1.4144e+03
  230  00:00:08   2.8795e+05     53          1.4356e+03
  240  00:00:08   2.8795e+05     54          1.4568e+03
  250  00:00:08   2.8795e+05     55          1.4780e+03
  260  00:00:08   2.8795e+05     56          1.4992e+03
  270  00:00:09   2.8795e+05     57          1.5204e+03
  280  00:00:09   2.8795e+05     58          1.5416e+03
  290  00:00:09   2.8795e+05     59          1.5629e+03
  300  00:00:09   2.8795e+05     60          1.5841e+03
  308  00:00:09   2.8795e+05     61  EP      1.6000e+03
