
    STEP   DAMPING               NORMS              COMPUTATION TIMES
  IT SIT     GAMMA     ||d||     ||f||     ||U||   F(x)  DF(x)  SOLVE
   0                          2.93e-06  2.72e+05    0.0    0.0    0.0
   1   1  1.00e+00  6.91e-03  2.70e-08  2.72e+05    0.0    0.1    0.2
   2   1  1.00e+00  2.00e-02  2.25e-07  2.72e+05    0.0    0.2    0.4
   3   4  9.56e-03  9.08e+00  4.47e-06  2.72e+05    0.0    0.3    0.6
   4   1  1.00e+00  1.79e-03  3.19e-09  2.72e+05    0.0    0.4    0.9
   5   1  1.00e+00  1.73e-02  1.69e-07  2.72e+05    0.0    0.5    1.0
   6   3  2.50e-01  9.00e-02  4.12e-07  2.72e+05    0.0    0.6    1.2
   7   1  1.00e+00  2.36e-04  4.48e-11  2.72e+05    0.0    0.7    1.4
   8   1  1.00e+00  4.00e-03  9.01e-09  2.72e+05    0.0    0.8    1.6
   9   1  1.00e+00  1.87e-02  1.98e-07  2.72e+05    0.1    0.9    1.8
  10   1  1.00e+00  3.87e-04  8.79e-11  2.72e+05    0.1    1.0    2.0

 STEP      TIME        ||U||  LABEL  TYPE          vCar    po.period
   -1  00:00:04   2.7186e+05      1  MX             ---          ---
