
    STEP   DAMPING               NORMS              COMPUTATION TIMES
  IT SIT     GAMMA     ||d||     ||f||     ||U||   F(x)  DF(x)  SOLVE
   0                          1.16e-05  9.13e+01    0.0    0.0    0.0
   1   1  1.00e+00  1.44e-03  3.76e-09  9.13e+01    0.0    0.0    0.0
   2   1  1.00e+00  1.13e-06  7.55e-15  9.13e+01    0.0    0.0    0.0
   3   1  1.00e+00  1.34e-10  7.42e-15  9.13e+01    0.0    0.0    0.0

 STEP      TIME        ||U||  LABEL  TYPE     po.period            a po.orb.coll.err
    0  00:00:00   9.1276e+01      1  EP      6.2833e+01  -1.0000e+00      3.4651e-11
   30  00:00:00   1.4198e+02      2  UZ      1.0000e+02  -9.9875e-01      2.8689e-06
   65  00:00:01   2.8309e+02      3  UZ      2.0000e+02  -9.9874e-01      8.5581e-06
  100  00:00:02   4.2368e+02      4          2.9945e+02  -9.9874e-01      5.4419e-06
  101  00:00:02   4.2445e+02      5  UZ      3.0000e+02  -9.9874e-01      5.0718e-06
  136  00:00:03   5.6592e+02      6  UZ      4.0000e+02  -9.9874e-01      6.1263e-06
  157  00:00:04   6.5080e+02      7  UZ      4.6000e+02  -9.9874e-01      1.2838e-05
  200  00:00:05   6.6406e+02      8          4.6928e+02  -9.9874e-01      1.5202e-05
  243  00:00:07   6.5099e+02      9  UZ      4.6000e+02  -9.9874e-01      4.7435e-06
  300  00:00:09   6.2533e+02     10          4.4179e+02  -9.9874e-01      1.0350e-05
  380  00:00:13   5.6641e+02     11  UZ      4.0000e+02  -9.9874e-01      1.2119e-05
  400  00:00:14   5.4332e+02     12          3.8363e+02  -9.9874e-01      1.2501e-05
  475  00:00:17   4.2540e+02     13  UZ      3.0000e+02  -9.3128e-01      3.4313e-06
  500  00:00:18   3.9545e+02     14          2.7878e+02  -8.7881e-01      7.5447e-06
  600  00:00:23   3.2217e+02     15          2.2674e+02  -6.3984e-01      5.5991e-06
  700  00:00:28   2.8648e+02     16          2.0139e+02  -3.7293e-01      8.8865e-06
  709  00:00:28   2.8452e+02     17  UZ      2.0000e+02  -3.4901e-01      7.0926e-06
  800  00:00:32   2.7245e+02     18          1.9137e+02  -9.0668e-02      5.3414e-06
  832  00:00:33   2.7155e+02     19  EP      1.9078e+02   0.0000e+00      5.4305e-06
