
    STEP   DAMPING               NORMS              COMPUTATION TIMES
  IT SIT     GAMMA     ||d||     ||f||     ||U||   F(x)  DF(x)  SOLVE
   0                          5.57e-06  3.18e+05    0.0    0.0    0.0
   1   1  1.00e+00  4.65e-03  7.63e-09  3.18e+05    0.0    0.0    0.0
   2   1  1.00e+00  1.24e-03  5.41e-10  3.18e+05    0.0    0.0    0.0
   3   1  1.00e+00  1.34e-04  6.38e-12  3.18e+05    0.0    0.0    0.1
   4   1  1.00e+00  1.62e-06  1.29e-15  3.18e+05    0.0    0.1    0.1
   5   1  1.00e+00  7.64e-09  9.07e-16  3.18e+05    0.0    0.1    0.1

 STEP      TIME        ||U||  LABEL  TYPE            Kt    po.period
    0  00:00:00   3.1844e+05      1  EP      2.1377e+05   9.6094e-02
   10  00:00:03   3.1838e+05      2          2.1372e+05   9.6105e-02
   20  00:00:07   3.1475e+05      3          2.1102e+05   9.6741e-02
   30  00:00:09   3.1002e+05      4          2.0748e+05   9.7583e-02
   40  00:00:11   3.0529e+05      5          2.0395e+05   9.8439e-02
   50  00:00:13   3.0057e+05      6          2.0041e+05   9.9309e-02
   60  00:00:14   2.9586e+05      7          1.9688e+05   1.0020e-01
   70  00:00:15   2.9116e+05      8          1.9334e+05   1.0110e-01
   80  00:00:16   2.8647e+05      9          1.8980e+05   1.0203e-01
   90  00:00:17   2.8179e+05     10          1.8627e+05   1.0299e-01
  100  00:00:18   2.7712e+05     11          1.8273e+05   1.0398e-01
  110  00:00:19   2.7246e+05     12          1.7920e+05   1.0501e-01
  120  00:00:20   2.6782e+05     13          1.7566e+05   1.0608e-01
  130  00:00:20   2.6319e+05     14          1.7213e+05   1.0720e-01
  140  00:00:21   2.5857e+05     15          1.6859e+05   1.0837e-01
  150  00:00:22   2.5397e+05     16          1.6506e+05   1.0960e-01
  160  00:00:23   2.4938e+05     17          1.6152e+05   1.1090e-01
  170  00:00:24   2.4481e+05     18          1.5798e+05   1.1226e-01
  180  00:00:25   2.4025e+05     19          1.5445e+05   1.1371e-01
  190  00:00:26   2.3572e+05     20          1.5091e+05   1.1524e-01
  193  00:00:26   2.3455e+05     21  EP      1.5000e+05   1.1564e-01

 STEP      TIME        ||U||  LABEL  TYPE            Kt    po.period
    0  00:00:26   3.1844e+05     22  EP      2.1377e+05   9.6094e-02
    3  00:00:28   3.1844e+05     23  BP      2.1377e+05   9.6094e-02
    5  00:00:29   3.1844e+05     24  BP      2.1377e+05   9.6094e-02
    6  00:00:31   3.1844e+05     25  BP      2.1377e+05   9.6093e-02
   10  00:00:32   3.1849e+05     26          2.1380e+05   9.6084e-02
   16  00:00:45   3.1939e+05     27  MX      2.1447e+05   9.5855e-02
