
    STEP   DAMPING               NORMS              COMPUTATION TIMES
  IT SIT     GAMMA     ||d||     ||f||     ||U||   F(x)  DF(x)  SOLVE
   0                          2.24e+00  2.70e+06    0.0    0.0    0.0
   1   1  6.21e-01  6.24e-01  9.50e-01  2.70e+06    0.0    0.0    0.0
   2   1  1.00e+00  3.18e-01  1.54e-01  2.70e+06    0.0    0.0    0.0
   3   1  1.00e+00  8.15e-02  1.63e-02  2.70e+06    0.0    0.1    0.0
   4   1  1.00e+00  1.09e-02  3.21e-04  2.70e+06    0.0    0.1    0.0
   5   1  1.00e+00  2.25e-04  1.36e-07  2.70e+06    0.0    0.1    0.0
   6   1  1.00e+00  9.56e-08  2.49e-14  2.70e+06    0.1    0.1    0.0

 STEP      TIME        ||U||  LABEL  TYPE          vCar
    0  00:00:00   2.7019e+06      1  EX      3.2000e+02
