
    STEP   DAMPING               NORMS              COMPUTATION TIMES
  IT SIT     GAMMA     ||d||     ||f||     ||U||   F(x)  DF(x)  SOLVE
   0                          6.61e+00  2.59e+05    0.0    0.0    0.0
   1   1  1.00e+00  2.52e-02  1.20e+00  2.59e+05    0.0    0.0    0.0
   2   1  1.00e+00  8.64e-03  4.52e-01  2.59e+05    0.0    0.0    0.0
   3   3  2.50e-01  1.85e-02  4.47e-01  2.59e+05    0.0    0.0    0.0
   4   4  1.25e-01  2.99e-02  1.85e+00  2.59e+05    0.0    0.0    0.0
   5   1  1.00e+00  5.65e-04  6.34e-01  2.59e+05    0.0    0.0    0.0
   6   1  1.00e+00  4.59e-04  1.58e-01  2.59e+05    0.0    0.0    0.0
   7   1  1.00e+00  2.06e-04  1.83e-02  2.59e+05    0.0    0.0    0.0
   8   1  1.00e+00  3.07e-05  3.31e-04  2.59e+05    0.0    0.0    0.0
   9   1  1.00e+00  5.78e-07  1.14e-07  2.59e+05    0.0    0.0    0.0

 STEP      TIME        ||U||  LABEL  TYPE          vCar
    0  00:00:00   2.5916e+05      1  EP      2.8000e+02
   10  00:00:00   2.5916e+05      2          2.7517e+02
   20  00:00:01   2.5916e+05      3          2.6875e+02
   30  00:00:01   2.5916e+05      4          2.6168e+02
   40  00:00:01   2.5916e+05      5          2.5461e+02
   50  00:00:01   2.5916e+05      6          2.4754e+02
   60  00:00:01   2.5916e+05      7          2.4047e+02
   70  00:00:01   2.5916e+05      8          2.3340e+02
   80  00:00:01   2.5916e+05      9          2.2633e+02
   90  00:00:01   2.5916e+05     10          2.1926e+02
  100  00:00:02   2.5916e+05     11          2.1218e+02
  110  00:00:02   2.5916e+05     12          2.0511e+02
  120  00:00:02   2.5916e+05     13          1.9804e+02
  130  00:00:02   2.5916e+05     14          1.9097e+02
  140  00:00:02   2.5916e+05     15          1.8390e+02
  150  00:00:02   2.5916e+05     16          1.7683e+02
  160  00:00:02   2.5916e+05     17          1.6976e+02
  170  00:00:03   2.5916e+05     18          1.6269e+02
  180  00:00:03   2.5916e+05     19          1.5562e+02
  190  00:00:03   2.5916e+05     20          1.4854e+02
  200  00:00:03   2.5916e+05     21          1.4147e+02
  210  00:00:03   2.5916e+05     22          1.3440e+02
  220  00:00:03   2.5916e+05     23          1.2733e+02
  230  00:00:03   2.5916e+05     24          1.2026e+02
  240  00:00:04   2.5916e+05     25          1.1319e+02
  250  00:00:04   2.5916e+05     26          1.0612e+02
  260  00:00:04   2.5916e+05     27          9.9047e+01
  270  00:00:04   2.5916e+05     28          9.1976e+01
  280  00:00:04   2.5916e+05     29          8.4905e+01
  290  00:00:04   2.5916e+05     30          7.7834e+01
  300  00:00:05   2.5916e+05     31          7.0763e+01
  310  00:00:05   2.5916e+05     32          6.3692e+01
  320  00:00:05   2.5916e+05     33          5.6621e+01
  330  00:00:05   2.5916e+05     34  EP      5.0000e+01

 STEP      TIME        ||U||  LABEL  TYPE          vCar
    0  00:00:05   2.5916e+05     35  EP      2.8000e+02
   10  00:00:05   2.5916e+05     36          2.8519e+02
   20  00:00:06   2.5916e+05     37          2.9226e+02
   30  00:00:06   2.5916e+05     38          2.9933e+02
   32  00:00:06   2.5916e+05     39  HB      3.0073e+02
   40  00:00:06   2.5916e+05     40          3.0640e+02
   50  00:00:06   2.5916e+05     41          3.1347e+02
   60  00:00:06   2.5916e+05     42          3.2054e+02
   70  00:00:07   2.5916e+05     43          3.2761e+02
   80  00:00:07   2.5916e+05     44          3.3469e+02
   90  00:00:07   2.5916e+05     45          3.4176e+02
  100  00:00:07   2.5916e+05     46          3.4883e+02
  102  00:00:07   2.5916e+05     47  EP      3.5000e+02
