
    STEP   DAMPING               NORMS              COMPUTATION TIMES
  IT SIT     GAMMA     ||d||     ||f||     ||U||   F(x)  DF(x)  SOLVE
   0                          9.38e+00  2.59e+05    0.0    0.0    0.0
   1   1  1.00e+00  3.58e-02  3.20e+00  2.59e+05    0.0    0.0    0.0
   2   4  4.18e-02  1.25e+00  1.40e+01  2.59e+05    0.0    0.0    0.0
   3   1  1.00e+00  4.81e-02  3.32e+00  2.59e+05    0.0    0.0    0.0
   4   4  1.25e-01  5.47e-02  3.22e+00  2.59e+05    0.0    0.0    0.0
   5   4  1.25e-01  3.20e-01  2.61e+01  2.59e+05    0.0    0.0    0.0
   6   1  1.00e+00  7.41e-02  8.30e+00  2.59e+05    0.0    0.0    0.0
   7   1  1.00e+00  3.30e-02  3.21e+00  2.59e+05    0.0    0.0    0.0
   8   4  1.25e-01  3.15e-01  9.97e+00  2.59e+05    0.0    0.0    0.0
   9   1  1.00e+00  3.73e-02  3.20e+00  2.59e+05    0.0    0.0    0.0
  10   4  9.64e-02  5.42e-01  2.93e+01  2.59e+05    0.0    0.0    0.0

 STEP      TIME        ||U||  LABEL  TYPE            Cs
   -1  00:00:00   2.5919e+05      1  MX             ---
