
    STEP   DAMPING               NORMS              COMPUTATION TIMES
  IT SIT     GAMMA     ||d||     ||f||     ||U||   F(x)  DF(x)  SOLVE
   0                          2.74e-06  2.59e+05    0.0    0.0    0.0
   1   1  1.00e+00  1.19e-02  6.52e-08  2.59e+05    0.0    0.2    0.3
   2   1  1.00e+00  2.38e-02  2.62e-07  2.59e+05    0.0    0.4    0.5
   3   2  5.00e-01  7.97e-02  8.66e-07  2.59e+05    0.0    0.5    0.7
   4   1  1.00e+00  1.34e-04  4.84e-11  2.59e+05    0.0    0.6    1.0
   5   1  1.00e+00  1.39e-03  8.94e-10  2.59e+05    0.0    0.7    1.2
   6   1  1.00e+00  5.99e-04  1.66e-10  2.59e+05    0.0    0.8    1.5
   7   1  1.00e+00  4.31e-04  8.62e-11  2.59e+05    0.0    0.9    1.8
   8   1  1.00e+00  5.29e-05  1.30e-12  2.59e+05    0.1    1.1    2.0
   9   1  1.00e+00  9.92e-06  4.56e-14  2.59e+05    0.1    1.2    2.3
  10   1  1.00e+00  3.40e-07  2.12e-15  2.59e+05    0.1    1.3    2.5

 STEP      TIME        ||U||  LABEL  TYPE          vCar    po.period
    0  00:00:10   2.5916e+05      1  EP      3.0073e+02   9.0128e-02
   10  00:01:01   2.5916e+05      2          3.0073e+02   9.0129e-02
   20  00:01:19   2.5916e+05      3          3.0070e+02   9.1116e-02
   30  00:01:34   2.5916e+05      4          3.0070e+02   9.1822e-02
   40  00:01:44   2.5916e+05      5          3.0070e+02   9.9646e-02
   50  00:02:06   2.5916e+05      6          3.0070e+02   2.7603e+00
   60  00:02:35   2.5916e+05      7          3.0070e+02   9.8314e+00
   70  00:03:01   2.5916e+05      8          3.0070e+02   1.6902e+01
   80  00:03:20   2.5916e+05      9  FP      3.0069e+02   2.1955e+01
   80  00:03:20   2.5916e+05     10          3.0069e+02   2.1955e+01
   84  00:03:26   2.5916e+05     11  FP      3.0069e+02   2.2811e+01
   87  00:03:40   2.5916e+05     12  FP      3.0069e+02   2.2964e+01
   90  00:03:43   2.5916e+05     13          3.0069e+02   2.2965e+01
   93  00:03:46   2.5916e+05     14  FP      3.0069e+02   2.2966e+01
   96  00:03:48   2.5916e+05     15  FP      3.0069e+02   2.2970e+01
  100  00:03:50   2.5916e+05     16          3.0069e+02   2.3022e+01
  101  00:03:51   2.5916e+05     17  FP      3.0069e+02   2.3062e+01
  103  00:04:03   2.5916e+05     18  MX      3.0069e+02   2.3318e+01

 STEP      TIME        ||U||  LABEL  TYPE          vCar    po.period
    0  00:04:27   2.5916e+05     19  EP      3.0073e+02   9.0128e-02
   10  00:04:48   2.5916e+05     20          3.0073e+02   9.0128e-02
   20  00:05:04   2.5916e+05     21          3.0073e+02   9.0128e-02
   30  00:05:17   2.5916e+05     22          3.0074e+02   9.0160e-02
   40  00:05:43   2.5916e+05     23          3.0137e+02   9.1658e-02
   50  00:06:11   2.5916e+05     24          3.0299e+02   9.9224e-02
   60  00:06:22   2.5916e+05     25          3.0418e+02   1.0102e-01
   70  00:06:30   2.5916e+05     26          3.1123e+02   1.0039e-01
   80  00:06:35   2.5916e+05     27          3.1830e+02   9.8023e-02
   90  00:06:39   2.5916e+05     28          3.2537e+02   9.5848e-02
  100  00:06:43   2.5916e+05     29          3.3243e+02   9.4082e-02
  110  00:06:46   2.5916e+05     30          3.3950e+02   9.2724e-02
  120  00:06:48   2.5916e+05     31          3.4657e+02   9.1737e-02
  122  00:06:49   2.5916e+05     32  SN      3.4743e+02   9.1597e-02
  125  00:06:50   2.5916e+05     33  EP      3.5000e+02   9.1388e-02
